121
289
529
625
961
1521
1681
2025
2601
2809
3249
3481
4225
4489
5329
6241
6561
6889
7225
7569
8281
9025
9409
9801
10201
11025
11881
12321
12769
13225
15129
15625
16641
17689
18769
19881
20449
21609
22201
22801
23409
24649
25281
26569
27225
27889
29241
30625
32041
32761
34225
34969
35721
37249
38025
38809
39601
40401
41209
42849
43681
45369
46225
47961
48841
50625
51529
52441
55225
58081
59049
60025
62001
63001
65025
68121
69169
72361
73441
75625
76729
78961
80089
82369
83521
84681
87025
88209
93025
94249
96721
100489
101761
103041
105625
106929
108241
109561
110889
114921
117649
119025
120409
121801
123201
124609
130321
131769
133225
134689
136161
139129
140625
142129
143641
145161
146689
148225
151321
154449
156025
157609
160801
162409
165649
167281
168921
170569
173889
175561
178929
182329
185761
187489
190969
192721
198025
203401
205209
207025
208849
210681
212521
214369
216225
221841
223729
225625
227529
229441
233289
235225
237169
243049
249001
251001
253009
257049
259081
261121
265225
267289
269361
271441
277729
279841
284089
286225
288369
290521
294849
299209
301401
303601
305809
308025
310249
312481
316969
321489
326041
332929
335241
337561
342225
346921
349281
351649
356409
358801
361201
363609
366025
373321
375769
380689
383161
388129
390625
393129
395641
398161
400689
403225
408321
410881
413449
418609
421201
423801
429025
431649
434281
436921
442225
447561
452929
455625
461041
463761
466489
469225
471969
474721
477481
480249
483025
485809
488601
491401
494209
497025
499849
502681
505521
514089
519841
522729
525625
531441
534361
540225
543169
546121
549081
555025
561001
567009
570025
576081
585225
588289
591361
594441
597529
603729
609961
613089
619369
625681
628849
632025
638401
641601
644809
648025
654481
660969
664225
670761
674041
677329
683929
687241
690561
693889
697225
700569
703921
710649
714025
717409
720801
724201
727609
731025
734449
737881
741321
748225
751689
755161
758641
762129
769129
772641
779689
783225
786769
790321
793881
797449
801025
808201
815409
819025
822649
826281
829921
833569
837225
840889
844561
848241
851929
855625
859329
863041
870489
874225
877969
881721
885481
896809
900601
908209
912025
915849
923521
927369
931225
935089
938961
942841
950625
954529
962361
966289
970225
978121
982081
994009
998001
1002001
1010025
1014049
1018081
1022121
1030225
1034289
1038361
1050625
1054729
1062961
1067089
1075369
1079521
1083681
1087849
1096209
1100401
1108809
1113025
1121481
1125721
1129969
1134225
1138489
1155625
1159929
1164241
1168561
1172889
1181569
1185921
1194649
1199025
1203409
1207801
1216609
1221025
1225449
1229881
1234321
1243225
1247689
1256641
1261129
1270129
1274641
1279161
1283689
1288225
1292769
1297321
1311025
1324801
1334025
1343281
1352569
1357225
1361889
1366561
1371241
1375929
1390041
1394761
1399489
1404225
1408969
1413721
1418481
1423249
1428025
1437601
1442401
1447209
1452025
1456849
1461681
1471369
1476225
1481089
1485961
1490841
1500625
1505529
1510441
1525225
1530169
1545049
1550025
1555009
1560001
1575025
1580049
1585081
1595169
1610361
1615441
1620529
1625625
1630729
1635841
1640961
1646089
1651225
1666681
1671849
1677025
1687401
1692601
1697809
1703025
1713481
1723969
1729225
1734489
1739761
1750329
1755625
1760929
1766241
1776889
1782225
1787569
1792921
1798281
1809025
1814409
1819801
1825201
1830609
1836025
1852321
1874161
1879641
1885129
1890625
1896129
1907161
1912689
1918225
1923769
1929321
1946025
1951609
1957201
1962801
1968409
1974025
1979649
1990921
1996569
2007889
2013561
2019241
2024929
2030625
2036329
2047761
2053489
2064969
2070721
2076481
2088025
2099601
2105401
2111209
2117025
2122849
2128681
2146225
2152089
2157961
2163841
2169729
2175625
2181529
2187441
2193361
2199289
2205225
2211169
2217121
2229049
2235025
2241009
2253001
2259009
2265025
2271049
2277081
2283121
2289169
2295225
2307361
2319529
2331729
2337841
2343961
2350089
2356225
2362369
2368521
2374681
2380849
2393209
2405601
2411809
2418025
2424249
2430481
2449225
2461761
2468041
2474329
2480625
2486929
2493241
2499561
2505889
2512225
2518569
2524921
2531281
2537649
2544025
2556801
2576025
2582449
2588881
2601769
2608225
2627641
2634129
2640625
2647129
2653641
2660161
2666689
2673225
2679769
2692881
2699449
2706025
2712609
2719201
2725801
2739025
2745649
2752281
2758921
2765569
2772225
2778889
2785561
2792241
2805625
2812329
2832489
2839225
2852721
2859481
2879809
2886601
2907025
2913849
2920681
2927521
2934369
2954961
2968729
2975625
2989441
2996361
3003289
3010225
3024121
3038049
3045025
3052009
3073009
3080025
3087049
3094081
3101121
3108169
3115225
3122289
3129361
3136441
3143529
3150625
3157729
3164841
3171961
3193369
3200521
3207681
3214849
3222025
3236401
3243601
3250809
3258025
3272481
3279721
3286969
3294225
3301489
3316041
3323329
3330625
3345241
3352561
3359889
3367225
3374569
3396649
3404025
3411409
3426201
3433609
3441025
3448449
3455881
3470769
3478225
3493161
3500641
3508129
3523129
3530641
3538161
3545689
3560769
3568321
3575881
3583449
3606201
3613801
3621409
3629025
3636649
3667225
3674889
3682561
3690241
3713329
3721041
3736489
3744225
3751969
3759721
3767481
3775249
3783025
3798601
3806401
3822025
3829849
3837681
3845521
3853369
3869089
3884841
3892729
3908529
3924361
3932289
3940225
3948169
3964081
3972049
3980025
3996001
4012009
4020025
4028049
4036081
4044121
4052169
4060225
4068289
4076361
4092529
4100625
4108729
4116841
4133089
4157521
4165681
4182025
4190209
4198401
4206601
4223025
4247721
4255969
4264225
4272489
4280761
4289041
4305625
4322241
4338889
4347225
4363921
4397409
4405801
4422609
4456321
4473225
4481689
4490161
4498641
4507129
4515625
4524129
4541161
4558225
4575321
4583881
4592449
4601025
4609609
4618201
4635409
4644025
4652649
4661281
4669921
4687225
4695889
4704561
4721929
4730625
4756761
4774225
4782969
4791721
4800481
4809249
4818025
4826809
4835601
4844401
4853209
4862025
4870849
4879681
4897369
4906225
4915089
4923961
4932841
4941729
4968441
4977361
4986289
4995225
5004169
5031049
5040025
5058001
5067001
5076009
5085025
5094049
5103081
5121169
5130225
5139289
5157441
5175625
5193841
5202961
5221225
5239521
5248681
5257849
5267025
5285401
5294601
5313025
5322249
5340721
5349969
5368489
5377761
5387041
5396329
5405625
5414929
5424241
5433561
5442889
5452225
5470921
5480281
5489649
5508409
5517801
5527201
5536609
5546025
5555449
5574321
5583769
5593225
5602689
5612161
5621641
5631129
5650129
5659641
5678689
5688225
5697769
5716881
5736025
5745609
5755201
5774409
5784025
5793649
5803281
5812921
5832225
5841889
5851561
5880625
5890329
5900041
5919489
5929225
5938969
5948721
5958481
5968249
5978025
5987809
6007401
6017209
6036849
6046681
6056521
6066369
6086089
6105841
6115729
6125625
6135529
6145441
6155361
6165289
6185169
6195121
6215049
6225025
6235009
6245001
6255001
6265009
6275025
6295081
6335289
6345361
6355441
6365529
6375625
6385729
6405961
6426225
6436369
6446521
6477025
6487209
6507601
6517809
6538249
6548481
6558721
6579225
6589489
6610041
6620329
6630625
6651241
6661561
6671889
6692569
6723649
6734025
6765201
6786025
6796449
6806881
6827769
6838225
6848689
6869641
6890625
6901129
6911641
6922161
6932689
6943225
6964321
6974881
6985449
6996025
7017201
7027801
7049025
7059649
7070281
7080921
7091569
7123561
7134241
7144929
7155625
7166329
7198489
7209225
7219969
7230721
7241481
7252249
7263025
7273809
7284601
7317025
7338681
7349521
7360369
7392961
7414729
7436529
7458361
7469289
7513081
7524049
7535025
7546009
7568001
7579009
7590025
7601049
7623121
7634169
7645225
7656289
7667361
7678441
7700625
7711729
7733961
7745089
7767369
7778521
7789681
7800849
7823209
7834401
7845601
7856809
7868025
7901721
7912969
7924225
7935489
7946761
7969329
7980625
7991929
8003241
8014561
8025889
8037225
8059921
8071281
8082649
8094025
8105409
8128201
8139609
8162449
8173881
8185321
8196769
8208225
8219689
8254129
8265625
8277129
8288641
8300161
8323225
8334769
8357881
8369449
8381025
8404201
8415801
8427409
8439025
8450649
8462281
8485569
8497225
8508889
8520561
8532241
8543929
8567329
8579041
8614225
8625969
8637721
8661249
8673025
8684809
8696601
8708401
8720209
8743849
8755681
8767521
8779369
8791225
8803089
8814961
8826841
8850625
8874441
8886361
8898289
8910225
8922169
8934121
8946081
8958049
8970025
8994001
9006001
9018009
9030025
9042049
9054081
9066121
9078169
9090225
9102289
9114361
9126441
9150625
9162729
9186961
9211225
9223369
9247681
9272025
9296401
9308601
9333025
9345249
9357481
9369721
9381969
9394225
9406489
9418761
9431041
9467929
9504889
9529569
9554281
9579025
9591409
9603801
9641025
9653449
9665881
9678321
9690769
9715689
9728161
9753129
9765625
9815689
9840769
9853321
9878449
9903609
9928801
9941409
9954025
9966649
9979281
9991921
10004569
10029889
10042561
10055241
10067929
10080625
10093329
10106041
10118761
10131489
10144225
10156969
10169721
10182481
10208025
10233601
10246401
10259209
10272025
10284849
10297681
10323369
10336225
10349089
10361961
10387729
10400625
10413529
10426441
10439361
10478169
10504081
10530025
10543009
10556001
10569001
10582009
10608049
10621081
10634121
10647169
10660225
10673289
10699441
10712529
10725625
10738729
10751841
10764961
10778089
10791225
10804369
10843849
10857025
10870209
10896601
10936249
10949481
10962721
10989225
11002489
11015761
11029041
11042329
11055625
11068929
11082241
11108889
11122225
11148921
11175649
11189025
11202409
11215801
11229201
11242609
11256025
11269449
11296321
11309769
11350161
11363641
11390625
11404129
11417641
11431161
11458225
11471769
11485321
11498881
11512449
11539609
11553201
11566801
11580409
11594025
11607649
11621281
11634921
11648569
11689561
11703241
11716929
11744329
11771761
11785489
11812969
11840481
11854249
11868025
11881809
11895601
11937025
11950849
11978521
11992369
12020089
12033961
12047841
12075625
12103441
12131289
12145225
12159169
12173121
12187081
12201049
12215025
12229009
12243001
12257001
12271009
12313081
12327121
12341169
12369289
12383361
12397441
12425625
12453841
12467961
12482089
12496225
12510369
12524521
12552849
12567025
12581209
12609601
12623809
12652249
12666481
12694969
12709225
12723489
12752041
12766329
12780625
12809241
12823561
12837889
12852225
12866569
12895281
12909649
12924025
12938409
12967201
12981609
13024881
13039321
13053769
13068225
13097161
13126129
13140625
13155129
13169641
13184161
13198689
13213225
13227769
13242321
13271449
13286025
13315201
13329801
13373649
13388281
13402921
13417569
13432225
13446889
13476241
13490929
13505625
13520329
13535041
13549761
13564489
13579225
13593969
13623481
13638249
13653025
13667809
13682601
13712209
13741849
13786369
13801225
13816089
13830961
13845841
13875625
13890529
13905441
13920361
13935289
13950225
13965169
13980121
13995081
14010049
14040009
14055001
14070001
14085009
14100025
14130081
14145121
14160169
14190289
14205361
14235529
14250625
14265729
14280841
14311089
14326225
14356521
14371681
14386849
14402025
14417209
14447601
14478025
14523721
14538969
14569489
14584761
14600041
14615329
14630625
14645929
14661241
14676561
14691889
14707225
14722569
14737921
14768649
14799409
14814801
14845609
14891881
14907321
14938225
14953689
14969161
14984641
15015625
15031129
15062161
15077689
15108769
15124321
15139881
15155449
15171025
15202201
15217801
15233409
15249025
15264649
15280281
15311569
15327225
15342889
15358561
15374241
15389929
15437041
15452761
15468489
15499969
15515721
15531481
15563025
15594601
15610401
15626209
15642025
15657849
15673681
15689521
15705369
15721225
15737089
15752961
15784729
15800625
15816529
15832441
15848361
15864289
15880225
15896169
15912121
15928081
15944049
15960025
15976009
15992001
16008001
16040025
16056049
16072081
16088121
16120225
16136289
16152361
16168441
16184529
16200625
16216729
16232841
16248961
16265089
16281225
16329681
16345849
16362025
16378209
16394401
16426809
16443025
16459249
16475481
16507969
16540489
16556761
16573041
16589329
16605625
16621929
16638241
16670889
16687225
16719921
16736281
16801801
16818201
16834609
16851025
16883881
16900321
16916769
16933225
16949689
16966161
16999129
17015625
17032129
17048641
17065161
17081689
17098225
17114769
17131321
17147881
17164449
17181025
17197609
17264025
17280649
17297281
17313921
17347225
17380561
17397241
17430625
17447329
17480761
17497489
17514225
17530969
17547721
17564481
17581249
17614809
17631601
17648401
17665209
17682025
17698849
17732521
17766225
17783089
17833729
17850625
17867529
17901361
17918289
17952169
17969121
18003049
18020025
18037009
18088009
18105025
18122049
18139081
18156121
18207289
18258529
18275625
18292729
18309841
18326961
18344089
18378369
18395521
18429849
18447025
18464209
18481401
18498601
18550249
18567481
18619225
18636489
18653761
18671041
18688329
18705625
18722929
18740241
18757561
18774889
18792225
18809569
18826921
18844281
18861649
18879025
18896409
18931201
18948609
18966025
18983449
19000881
19018321
19035769
19053225
19070689
19088161
19105641
19140625
19158129
19175641
19193161
19228225
19245769
19263321
19280881
19298449
19333609
19351201
19368801
19386409
19404025
19421649
19439281
19456921
19474569
19492225
19509889
19527561
19545241
19580625
19598329
19616041
19633761
19651489
19669225
19722481
19740249
19758025
19775809
19793601
19829209
19847025
19864849
19882681
19900521
19918369
19936225
19954089
19971961
20007729
20025625
20043529
20079361
20097289
20115225
20133169
20151121
20169081
20187049
20223009
20241001
20259001
20277009
20295025
20349121
20367169
20403289
20421361
20457529
20475625
20493729
20548089
20566225
20602521
20638849
20657025
20675209
20693401
20729809
20766249
20784481
20802721
20839225
20857489
20894041
20912329
20930625
20967241
20985561
21040569
21058921
21077281
21095649
21114025
21132409
21150801
21169201
21187609
21206025
21242881
21261321
21279769
21298225
21316689
21335161
21372129
21390625
21409129
21446161
21483225
21501769
21520321
21538881
21576025
21594609
21631801
21650409
21669025
21687649
21706281
21724921
21743569
21762225
21799561
21818241
21836929
21893041
21911761
21930489
21967969
21986721
22005481
22024249
22043025
22061809
22099401
22118209
22155849
22174681
22212369
22231225
22287841
22344529
22363441
22382361
22401289
22420225
22439169
22458121
22477081
22496049
22515025
22534009
22553001
22572001
22591009
22629049
22648081
22667121
22686169
22724289
22743361
22762441
22781529
22800625
22819729
22838841
22857961
22877089
22896225
22915369
22934521
22953681
22992025
23011209
23030401
23049601
23068809
23088025
23145721
23164969
23184225
23203489
23222761
23242041
23261329
23280625
23299929
23338561
23357889
23377225
23415921
23435281
23493409
23512801
23532201
23571025
23590449
23609881
23629321
23668225
23707161
23726641
23746129
23765625
23785129
23804641
23824161
23843689
23863225
23882769
23902321
23921881
23961025
23980609
24000201
24019801
24039409
24078649
24098281
24117921
24176889
24196561
24216241
24235929
24255625
24275329
24295041
24314761
24334489
24373969
24393721
24413481
24433249
24453025
24472809
24532209
24552025
24591681
24611521
24631369
24671089
24690961
24710841
24730729
24750625
24770529
24790441
24810361
24830289
24850225
24870169
24890121
24950025
24970009
24990001
25010001
25030009
25050025
25070049
25090081
25150225
25190361
25210441
25230529
25270729
25290841
25371369
25391521
25411681
25431849
25452025
25472209
25492401
25512601
25532809
25553025
25573249
25593481
25613721
25633969
25654225
25674489
25694761
25715041
25755625
25775929
25796241
25816561
25836889
25857225
25897921
25918281
25938649
25959025
25979409
25999801
26020201
26061025
26081449
26101881
26122321
26142769
26224641
26245129
26265625
26286129
26368225
26388769
26429881
26471025
26491609
26512201
26532801
26574025
26594649
26615281
26635921
26656569
26677225
26697889
26718561
26739241
26780625
26801329
26822041
26863489
26884225
26904969
26925721
26946481
26967249
26988025
27008809
27050401
27071209
27092025
27112849
27154521
27175369
27196225
27217089
27237961
27258841
27279729
27300625
27321529
27342441
27363361
27384289
27405225
27426169
27447121
27510025
27531009
27552001
27573001
27594009
27615025
27636049
27657081
27678121
27699169
27720225
27741289
27762361
27783441
27804529
27825625
27888961
27931225
27973521
27994681
28015849
28037025
28058209
28121809
28143025
28185481
28206721
28227969
28249225
28270489
28313041
28334329
28376929
28419561
28483569
28504921
28526281
28547649
28569025
28590409
28611801
28633201
28654609
28676025
28697449
28718881
28740321
28761769
28783225
28804689
28847641
28869129
28890625
28912129
28933641
28955161
28976689
28998225
29019769
29041321
29084449
29106025
29170801
29214025
29235649
29300569
29322225
29343889
29365561
29387241
29408929
29430625
29452329
29474041
29495761
29517489
29539225
29560969
29582721
29604481
29626249
29648025
29691601
29713401
29757025
29778849
29800681
29822521
29844369
29909961
29931841
29953729
29975625
29997529
30019441
30041361
30085225
30129121
30151081
30173049
30195025
30217009
30239001
30283009
30305025
30327049
30371121
30393169
30415225
30459361
30481441
30525625
30547729
30591961
30614089
30680521
30702681
30724849
30747025
30769209
30835809
30858025
30880249
30902481
30924721
30946969
30969225
30991489
31013761
31036041
31080625
31169889
31192225
31214569
31236921
31259281
31281649
31304025
31326409
31348801
31371201
31393609
31438449
31483321
31528225
31550689
31573161
31595641
31640625
31663129
31685641
31708161
31730689
31775769
31798321
31820881
31866025
31888609
31911201
31956409
31979025
32001649
32024281
32069569
32092225
32114889
32137561
32160241
32182929
32205625
32228329
32251041
32273761
32341969
32364721
32387481
32433025
32455809
32478601
32501401
32524209
32569849
32592681
32638369
32661225
32684089
32706961
32729841
32752729
32775625
32798529
32821441
32844361
32867289
32890225
32913169
32936121
32959081
32982049
33005025
33074001
33097009
33120025
33143049
33166081
33212169
33235225
33281361
33304441
33327529
33396841
33419961
33443089
33466225
33489369
33512521
33535681
33558849
33628401
33651601
33674809
33698025
33721249
33744481
33767721
33790969
33814225
33884041
33907329
33930625
33953929
34000561
34023889
34047225
34070569
34093921
34117281
34140649
34164025
34187409
34210801
34234201
34281025
34327881
34351321
34374769
34421689
34445161
34468641
34539129
34562641
34586161
34609689
34656769
34703881
34727449
34751025
34774609
34798201
34845409
34869025
34892649
34916281
34939921
34963569
34987225
35034561
35058241
35105625
35129329
35153041
35176761
35200489
35224225
35271721
35295481
35343025
35366809
35390601
35414401
35438209
35485849
35533521
35557369
35605089
35628961
35652841
35676729
35700625
35724529
35772361
35820225
35868121
35892081
35940025
35964009
35988001
36012001
36036009
36084049
36108081
36156169
36180225
36204289
36228361
36252441
36276529
36300625
36324729
36348841
36372961
36397089
36421225
36445369
36469521
36493681
36542025
36566209
36614601
36638809
36663025
36711481
36759969
36784225
36808489
36881329
36905625
36929929
36954241
37027225
37051569
37075921
37100281
37124649
37173409
37197801
37222201
37246609
37271025
37295449
37319881
37368769
37393225
37417689
37466641
37491129
37515625
37564641
37589161
37613689
37638225
37662769
37711881
37736449
37761025
37785609
37810201
37834801
37859409
37908649
37933281
37957921
37982569
38007225
38031889
38056561
38081241
38105929
38130625
38155329
38180041
38254225
38278969
38303721
38328481
38353249
38378025
38402809
38427601
38452401
38477209
38502025
38526849
38551681
38576521
38601369
38626225
38675961
38725729
38775529
38800441
38850289
38875225
38900169
38925121
38950081
39000025
39025009
39050001
39075001
39125025
39150049
39175081
39200121
39225169
39250225
39275289
39300361
39325441
39375625
39400729
39425841
39476089
39501225
39551521
39576681
39601849
39627025
39652209
39702601
39727809
39753025
39778249
39828721
39853969
39904489
39929761
39955041
40005625
40056241
40081561
40106889
40132225
40182921
40208281
40233649
40259025
40284409
40309801
40335201
40360609
40436881
40487769
40513225
40538689
40564161
40589641
40615129
40666129
40691641
40717161
40742689
40768225
40793769
40819321
40844881
40896025
40921609
40947201
40972801
40998409
41075281
41100921
41126569
41152225
41229241
41254929
41280625
41332041
41357761
41383489
41409225
41434969
41460721
41512249
41538025
41563809
41589601
41615401
41641209
41692849
41744521
41770369
41796225
41847961
41873841
41899729
41925625
41951529
41977441
42003361
42029289
42055225
42081169
42107121
42133081
42159049
42185025
42237001
42263001
42289009
42315025
42341049
42367081
42393121
42419169
42471289
42497361
42523441
42601729
42627841
42680089
42706225
42732369
42758521
42784681
42810849
42837025
42863209
42889401
42915601
42941809
42968025
43020481
43046721
43072969
43151761
43204329
43256929
43309561
43335889
43362225
43388569
43441281
43467649
43494025
43520409
43599609
43626025
43652449
43678881
43705321
43758225
43811161
43890625
43917129
43943641
43970161
43996689
44023225
44076321
44102881
44129449
44156025
44182609
44262409
44315649
44342281
44368921
44422225
44448889
44528929
44555625
44609041
44635761
44662489
44689225
44715969
44742721
44796249
44823025
44903401
44930209
44957025
44983849
45010681
45037521
45091225
45118089
45144961
45171841
45198729
45225625
45252529
45279441
45306361
45333289
45360225
45387169
45414121
45441081
45468049
45495025
45522009
45549001
45576001
45630025
45657049
45684081
45711121
45765225
45792289
45846441
45873529
45900625
45927729
45954841
45981961
46036225
46063369
46090521
46117681
46144849
46172025
46199209
46253601
46280809
46335249
46389721
46416969
46444225
46498761
46526041
46553329
46607929
46635241
46662561
46689889
46717225
46799281
46826649
46854025
46881409
46908801
46936201
46963609
46991025
47018449
47045881
47100769
47128225
47183161
47210641
47238129
47265625
47293129
47320641
47348161
47403225
47430769
47485881
47513449
47541025
47568609
47596201
47623801
47651409
47679025
47706649
47734281
47789569
47844889
47872561
47900241
47927929
47955625
47983329
48011041
48038761
48066489
48094225
48149721
48177481
48205249
48233025
48260809
48288601
48316401
48344209
48372025
48427681
48455521
48483369
48539089
48566961
48594841
48650625
48678529
48734361
48762289
48790225
48818169
48846121
48874081
48902049
48958009
48986001
49014001
49042009
49070025
49098049
49126081
49154121
49182169
49210225
49238289
49266361
49350625
49378729
49406841
49434961
49463089
49491225
49519369
49547521
49575681
49603849
49632025
49688401
49716601
49744809
49773025
49801249
49829481
49857721
49885969
49942489
49970761
49999041
50027329
50055625
50112241
50140561
50168889
50225569
50253921
50282281
50310649
50339025
50367409
50424201
50452609
50481025
50509449
50537881
50566321
50594769
50623225
50651689
50680161
50708641
50737129
50765625
50822641
50908225
50936769
50965321
50993881
51022449
51051025
51079609
51136801
51165409
51194025
51222649
51251281
51279921
51308569
51337225
51394561
51423241
51538041
51566761
51595489
51624225
51739249
51768025
51796809
51825601
51854401
51883209
51912025
51940849
51998521
52027369
52056225
52085089
52113961
52142841
52171729
52229529
52287361
52316289
52345225
52432081
52461049
52490025
52548001
52577001
52606009
52635025
52693081
52722121
52751169
52780225
52809289
52838361
52867441
52896529
52925625
52954729
53012961
53042089
53100369
53129521
53158681
53187849
53246209
53275401
53304601
53333809
53363025
53392249
53421481
53450721
53509225
53538489
53567761
53597041
53626329
53655625
53743561
53772889
53802225
53860921
53890281
53919649
53949025
53978409
54037201
54066609
54096025
54125449
54184321
54213769
54243225
54272689
54302161
54331641
54361129
54390625
54420129
54449641
54479161
54508689
54597321
54656449
54686025
54715609
54745201
54774801
54804409
54834025
54863649
54893281
54922921
54952569
54982225
55011889
55041561
55100929
55130625
55190041
55219761
55249489
55279225
55308969
55368481
55398249
55428025
55457809
55487601
55517401
55577025
55606849
55636681
55696369
55726225
55756089
55785961
55845729
55875625
55905529
55935441
55965361
55995289
56025225
56055169
56115081
56145049
56205009
56235001
56265001
56295009
56355049
56385081
56445169
56475225
56505289
56565441
56595529
56625625
56655729
56685841
56746089
56776225
56806369
56836521
56866681
56896849
56927025
56987401
57017601
57108249
57138481
57168721
57198969
57259489
57320041
57380625
57410929
57441241
57471561
57501889
57532225
57562569
57623281
57653649
57684025
57714409
57744801
57805609
57836025
57866449
57896881
57927321
57957769
58049161
58079641
58110129
58140625
58171129
58201641
58232161
58262689
58293225
58354321
58384881
58415449
58446025
58476609
58507201
58599025
58629649
58690921
58721569
58752225
58782889
58813561
58844241
58874929
58905625
58936329
58967041
59028489
59059225
59089969
59120721
59151481
59213025
59243809
59274601
59305401
59336209
59367025
59397849
59428681
59459521
59521225
59552089
59582961
59644729
59675625
59706529
59737441
59768361
59799289
59830225
59861169
59892121
59923081
59985025
60016009
60047001
60078001
60109009
60202081
60264169
60295225
60326289
60357361
60419529
60450625
60481729
60512841
60543961
60575089
60637369
60668521
60699681
60730849
60762025
60793209
60855601
60949249
60980481
61011721
61074225
61199329
61230625
61261929
61293241
61324561
61387225
61418569
61481281
61512649
61544025
61606801
61638201
61701025
61732449
61763881
61795321
61858225
61921161
61952641
61984129
62047129
62078641
62110161
62141689
62173225
62204769
62236321
62267881
62299449
62331025
62362609
62394201
62457409
62520649
62552281
62583921
62615569
62647225
62678889
62742241
62773929
62805625
62837329
62900761
62932489
62964225
62995969
63059481
63091249
63123025
63186601
63250209
63282025
63313849
63345681
63377521
63409369
63441225
63473089
63504961
63536841
63600625
63632529
63664441
63728289
63760225
63824121
63856081
63920025
63952009
63984001
64016001
64048009
64080025
64112049
64144081
64176121
64208169
64272289
64304361
64336441
64368529
64400625
64432729
64464841
64529089
64561225
64593369
64625521
64657681
64689849
64722025
64754209
64786401
64818601
64850809
64883025
64979721
65011969
65044225
65076489
65108761
65141041
65173329
65205625
65237929
65270241
65302561
65334889
65367225
65399569
65431921
65464281
65529025
65593801
65626201
65658609
65691025
65723449
65755881
65853225
65885689
65950641
65983129
66113161
66145689
66178225
66210769
66243321
66275881
66341025
66373609
66406201
66438801
66471409
66569281
66601921
66634569
66667225
66699889
66765241
66797929
66830625
66863329
66896041
66961489
66994225
67026969
67059721
67092481
67125249
67158025
67256401
67322025
67354849
67420521
67453369
67486225
67519089
67584841
67617729
67650625
67716441
67749361
67782289
67815225
67881121
67914081
67947049
67980025
68013009
68046001
68079001
68178049
68211081
68277169
68310225
68376361
68409441
68442529
68475625
68508729
68541841
68574961
68641225
68707521
68740681
68773849
68807025
68840209
68873401
68939809
68973025
69006249
69039481
69072721
69105969
69172489
69205761
69239041
69338929
69405561
69438889
69505569
69538921
69572281
69605649
69672409
69739201
69772609
69806025
69872881
69906321
69939769
69973225
70006689
70040161
70073641
70107129
70140625
70174129
70207641
70241161
70274689
70341769
70375321
70408881
70442449
70509609
70543201
70576801
70610409
70677649
70711281
70744921
70778569
70845889
70879561
70913241
70946929
70980625
71014329
71048041
71081761
71115489
71149225
71182969
71216721
71284249
71318025
71351809
71385601
71419401
71453209
71487025
71520849
71554681
71588521
71622369
71690089
71723961
71757841
71791729
71859529
71927361
72029169
72063121
72131049
72165025
72199009
72233001
72267001
72335025
72403081
72437121
72505225
72539289
72573361
72607441
72641529
72675625
72743841
72812089
72880369
72948681
72982849
73017025
73051209
73119601
73222249
73256481
73290721
73324969
73359225
73427761
73462041
73496329
73564929
73599241
73633561
73702225
73736569
73770921
73805281
73839649
73874025
73908409
73942801
73977201
74011609
74080449
74114881
74183769
74218225
74287161
74321641
74390625
74425129
74494161
74528689
74563225
74632321
74666881
74701449
74770609
74805201
74874409
74909025
74943649
74978281
75047569
75151561
75186241
75255625
75290329
75359761
75394489
75498721
75533481
75568249
75637809
75672601
75742209
75777025
75846681
75881521
75951225
75986089
76020961
76055841
76090729
76125625
76160529
76195441
76265289
76300225
76335169
76370121
76440049
76475025
76510009
76545001
76580001
76615009
76685049
76720081
76755121
76790169
76825225
76860289
76895361
76930441
76965529
77000625
77070841
77105961
77141089
77211369
77246521
77281681
77316849
77352025
77422401
77457601
77492809
77598481
77633721
77668969
77704225
77739489
77774761
77810041
77845329
77915929
77951241
77986561
78092569
78127921
78163281
78198649
78234025
78269409
78340201
78375609
78446449
78481881
78517321
78552769
78588225
78659161
78730129
78765625
78836641
78872161
78907689
78943225
78978769
79014321
79085449
79121025
79156609
79192201
79227801
79263409
79299025
79334649
79405921
79477225
79548561
79584241
79619929
79655625
79691329
79727041
79762761
79798489
79834225
79869969
79905721
79977249
80048809
80084601
80120401
80156209
80192025
80227849
80263681
80335369
80371225
80407089
80478841
80550625
80586529
80694289
80730225
80766169
80802121
80838081
80946009
80982001
81018001
81054009
81090025
81126049
81162081
81198121
81234169
81270225
81306289
81342361
81378441
81414529
81486729
81522841
81558961
81595089
81631225
81667369
81703521
81739681
81775849
81812025
81848209
81920601
81956809
81993025
82029249
82065481
82101721
82174225
82210489
82246761
82319329
82355625
82391929
82464561
82500889
82537225
82609921
82646281
82682649
82719025
82755409
82791801
82828201
82864609
83010321
83046769
83119689
83156161
83229129
83265625
83338641
83375161
83448225
83484769
83521321
83557881
83594449
83631025
83667609
83704201
83740801
83777409
83814025
83850649
83887281
83923921
83997225
84033889
84070561
84107241
84143929
84217329
84290761
84327489
84400969
84437721
84474481
84548025
84584809
84621601
84658401
84695209
84732025
84768849
84805681
84842521
84916225
84989961
85063729
85100625
85174441
85211361
85285225
85322169
85359121
85396081
85433049
85470025
85544001
85581001
85618009
85655025
85692049
85729081
85766121
85840225
85951441
86062729
86099841
86136961
86174089
86211225
86248369
86285521
86322681
86359849
86434209
86471401
86545809
86583025
86620249
86731969
86769225
86806489
86881041
86918329
86955625
86992929
87030241
87067561
87104889
87142225
87179569
87216921
87254281
87291649
87329025
87366409
87403801
87441201
87478609
87516025
87590881
87628321
87665769
87703225
87778161
87815641
87853129
87928129
87965641
88003161
88040689
88078225
88153321
88190881
88228449
88266025
88303609
88341201
88378801
88454025
88491649
88529281
88566921
88604569
88679889
88717561
88755241
88792929
88830625
88868329
88906041
88943761
88981489
89019225
89094721
89132481
89170249
89208025
89245809
89283601
89321401
89359209
89397025
89472681
89510521
89548369
89586225
89624089
89699841
89737729
89775625
89889361
90003169
90041121
90117049
90155025
90193009
90269001
90307009
90383049
90421081
90497169
90535225
90573289
90687529
90725625
90763729
90801841
90839961
90954369
91030681
91068849
91107025
91145209
91221601
91259809
91298025
91336249
91374481
91450969
91489225
91527489
91565761
91604041
91642329
91680625
91718929
91757241
91795561
91833889
91872225
91910569
91948921
92025649
92064025
92102409
92140801
92179201
92256025
92294449
92332881
92371321
92448225
92486689
92525161
92563641
92602129
92640625
92679129
92717641
92794689
92833225
92871769
92987449
93026025
93064609
93103201
93141801
93180409
93219025
93257649
93296281
93373569
93412225
93450889
93489561
93528241
93566929
93605625
93644329
93683041
93799225
93876721
93915481
93954249
93993025
94070601
94109401
94148209
94187025
94225849
94303521
94342369
94381225
94420089
94458961
94575625
94614529
94692361
94731289
94770225
94848121
94887081
94926049
95004009
95043001
95082001
95121009
95160025
95199049
95277121
95316169
95355225
95394289
95433361
95472441
95511529
95550625
95589729
95667961
95707089
95785369
95824521
95863681
95902849
95942025
95981209
96020401
96098809
96138025
96216481
96255721
96334225
96373489
96412761
96452041
96491329
96530625
96569929
96648561
96687889
96727225
96766569
96805921
96845281
96884649
96924025
97002801
97042201
97081609
97121025
97160449
97199881
97239321
97278769
97357689
97436641
97476129
97515625
97555129
97634161
97673689
97713225
97752769
97871449
97911025
97950609
97990201
98029801
98069409
98109025
98188281
98267569
98307225
98346889
98386561
98465929
98505625
98585041
98624761
98743969
98783721
98823481
98863249
98903025
99022401
99062209
99102025
99141849
99181681
99261369
99301225
99341089
99380961
99420841
99460729
99500625
99540529
99580441
99620361
99660289
99700225
99740169
99780121
99820081
99860049
99900025
99980001